[gd_scene load_steps=13 format=3]

[ext_resource type="PackedScene" path="res://scenes/player.tscn" id="1_playr"]
[ext_resource type="PackedScene" path="res://scenes/crane.tscn" id="2_grua"]
[ext_resource type="PackedScene" path="res://scenes/tractor_crane.tscn" id="3_gruam"]
[ext_resource type="PackedScene" path="res://scenes/car.tscn" id="4_auto"]
[ext_resource type="PackedScene" path="res://scenes/press.tscn" id="5_prensa"]
[ext_resource type="Material" path="res://assets/materials/greybox_grey_grid.tres" id="6_mgrey"]
[ext_resource type="Material" path="res://assets/materials/greybox_dark_grid.tres" id="7_mdark"]
[ext_resource type="Material" path="res://assets/materials/greybox_orange_grid.tres" id="8_morange"]
[ext_resource type="Material" path="res://assets/materials/greybox_yellow_grid.tres" id="9_myellow"]

[sub_resource type="ProceduralSkyMaterial" id="sky_mat"]
sky_top_color = Color(0.25, 0.32, 0.45, 1)
sky_horizon_color = Color(0.88, 0.6, 0.4, 1)
ground_bottom_color = Color(0.2, 0.17, 0.13, 1)
ground_horizon_color = Color(0.88, 0.6, 0.4, 1)

[sub_resource type="Sky" id="sky_res"]
sky_material = SubResource("sky_mat")

[sub_resource type="Environment" id="env"]
background_mode = 2
sky = SubResource("sky_res")
ambient_light_source = 3
tonemap_mode = 2

[node name="Patio" type="Node3D"]

[node name="WorldEnvironment" type="WorldEnvironment" parent="."]
environment = SubResource("env")

[node name="Sol" type="DirectionalLight3D" parent="."]
transform = Transform3D(0.7071, -0.4056, 0.5793, 0, 0.8192, 0.5736, -0.7071, -0.4056, 0.5793, 0, 12, 0)
light_color = Color(1, 0.85, 0.7, 1)
light_energy = 1.3
shadow_enabled = true

[node name="Piso" type="CSGBox3D" parent="."]
transform = Transform3D(1, 0, 0, 0, 1, 0, 0, 0, 1, 0, -0.25, 0)
use_collision = true
size = Vector3(60, 0.5, 60)
material = ExtResource("6_mgrey")

[node name="ParedNorte" type="CSGBox3D" parent="."]
transform = Transform3D(1, 0, 0, 0, 1, 0, 0, 0, 1, 0, 1.5, -30)
use_collision = true
size = Vector3(60, 3, 0.5)
material = ExtResource("7_mdark")

[node name="ParedSur" type="CSGBox3D" parent="."]
transform = Transform3D(1, 0, 0, 0, 1, 0, 0, 0, 1, 0, 1.5, 30)
use_collision = true
size = Vector3(60, 3, 0.5)
material = ExtResource("7_mdark")

[node name="ParedEste" type="CSGBox3D" parent="."]
transform = Transform3D(1, 0, 0, 0, 1, 0, 0, 0, 1, 30, 1.5, 0)
use_collision = true
size = Vector3(0.5, 3, 60)
material = ExtResource("7_mdark")

[node name="ParedOeste" type="CSGBox3D" parent="."]
transform = Transform3D(1, 0, 0, 0, 1, 0, 0, 0, 1, -30, 1.5, 0)
use_collision = true
size = Vector3(0.5, 3, 60)
material = ExtResource("7_mdark")

[node name="Bloque1" type="CSGBox3D" parent="."]
transform = Transform3D(1, 0, 0, 0, 1, 0, 0, 0, 1, -6, 1, -4)
use_collision = true
size = Vector3(2, 2, 2)
material = ExtResource("8_morange")

[node name="Bloque2" type="CSGBox3D" parent="."]
transform = Transform3D(1, 0, 0, 0, 1, 0, 0, 0, 1, -6, 0.75, -6.5)
use_collision = true
size = Vector3(2, 1.5, 2)
material = ExtResource("8_morange")

[node name="Bloque3" type="CSGBox3D" parent="."]
transform = Transform3D(0.866025, 0, -0.5, 0, 1, 0, 0.5, 0, 0.866025, 4, 0.5, 3)
use_collision = true
size = Vector3(1.2, 1, 3)
material = ExtResource("8_morange")

[node name="Plataforma" type="CSGBox3D" parent="."]
transform = Transform3D(1, 0, 0, 0, 1, 0, 0, 0, 1, 8, 1, -11)
use_collision = true
size = Vector3(4, 2, 4)
material = ExtResource("9_myellow")

[node name="Rampa" type="CSGBox3D" parent="."]
transform = Transform3D(1, 0, 0, 0, 0.9659, -0.2588, 0, 0.2588, 0.9659, 8, 0.9, -5)
use_collision = true
size = Vector3(4, 0.5, 8)
material = ExtResource("9_myellow")

[node name="Player" parent="." instance=ExtResource("1_playr")]
transform = Transform3D(1, 0, 0, 0, 1, 0, 0, 0, 1, 0, 0.1, 10)

[node name="Grua" parent="." instance=ExtResource("2_grua")]

[node name="GruaMovil" parent="." instance=ExtResource("3_gruam")]
transform = Transform3D(1, 0, 0, 0, 1, 0, 0, 0, 1, -8, 0.05, 14)

[node name="Auto1" parent="." instance=ExtResource("4_auto")]
transform = Transform3D(1, 0, 0, 0, 1, 0, 0, 0, 1, -2, 0.4, -9)

[node name="Auto2" parent="." instance=ExtResource("4_auto")]
transform = Transform3D(0.921061, 0, 0.389418, 0, 1, 0, -0.389418, 0, 0.921061, 3, 0.4, -13)

[node name="Auto3" parent="." instance=ExtResource("4_auto")]
transform = Transform3D(0.62161, 0, -0.783327, 0, 1, 0, 0.783327, 0, 0.62161, -9, 0.4, -8)

[node name="Auto4" parent="." instance=ExtResource("4_auto")]
transform = Transform3D(-0.666276, 0, 0.745705, 0, 1, 0, -0.745705, 0, -0.666276, 1, 0.4, -4)

[node name="Prensa" parent="." instance=ExtResource("5_prensa")]
transform = Transform3D(1, 0, 0, 0, 1, 0, 0, 0, 1, 10, 0, -18)
